1.381401617250673786e-01 9.268292682926829174e-02 1.951219512195121950e-02 5.853658536585366196e-02 1.951219512195121950e-02 5.365853658536585274e-02 9.756097560975610095e-02 9.756097560975609748e-03 3.414634146341463672e-02 3.414634146341463672e-02 5.853658536585366196e-02 1.463414634146341549e-02 7.804878048780487798e-02 3.414634146341463672e-02 1.951219512195121950e-02 1.951219512195121950e-02 1.073170731707317055e-01 1.268292682926829285e-01 6.341463414634146423e-02 1.951219512195121950e-02 3.902439024390243899e-02
2.230458221024258780e-01 3.625377643504532066e-02 9.063444108761330165e-03 7.854984894259818551e-02 7.552870090634440647e-02 6.646525679758308325e-02 5.740181268882175308e-02 9.063444108761330165e-03 8.459214501510574358e-02 5.438066465256797405e-02 8.157099697885196454e-02 3.323262839879154162e-02 6.344410876132930421e-02 3.021148036253776606e-02 4.229607250755287179e-02 2.416918429003021146e-02 8.157099697885196454e-02 6.948640483383686228e-02 5.740181268882175308e-02 3.021148036253776432e-03 4.229607250755287179e-02
1.738544474393531047e-01 5.038759689922480550e-02 0.000000000000000000e+00 7.364341085271318421e-02 5.813953488372092943e-02 1.162790697674418589e-02 1.007751937984496110e-01 1.937984496124030981e-02 5.426356589147286746e-02 6.201550387596899139e-02 1.124031007751938038e-01 2.713178294573643373e-02 5.426356589147286746e-02 2.325581395348837177e-02 3.100775193798449569e-02 3.875968992248061962e-02 7.751937984496123923e-02 9.689922480620155598e-02 7.364341085271318421e-02 7.751937984496123923e-03 2.713178294573643373e-02
1.495956873315363866e-01 6.756756756756757132e-02 1.801801801801801786e-02 5.405405405405405705e-02 4.954954954954954999e-02 6.306306306306305731e-02 3.603603603603603572e-02 2.702702702702702853e-02 1.081081081081081141e-01 7.207207207207207145e-02 1.126126126126126142e-01 3.603603603603603572e-02 6.306306306306305731e-02 1.801801801801801786e-02 5.855855855855855718e-02 3.603603603603603572e-02 7.657657657657657158e-02 3.153153153153152866e-02 3.603603603603603572e-02 4.504504504504504465e-03 3.153153153153152866e-02
6.603773584905660299e-02 2.040816326530612082e-02 3.061224489795918297e-02 2.040816326530612082e-02 6.122448979591836593e-02 4.081632653061224164e-02 3.061224489795918297e-02 4.081632653061224164e-02 5.102040816326530726e-02 1.428571428571428492e-01 5.102040816326530726e-02 2.040816326530612082e-02 1.020408163265306041e-02 6.122448979591836593e-02 3.061224489795918297e-02 9.183673469387755584e-02 4.081632653061224164e-02 7.142857142857142461e-02 1.122448979591836732e-01 1.020408163265306041e-02 6.122448979591836593e-02
9.973045822102426239e-02 5.405405405405405705e-02 3.378378378378378566e-02 8.108108108108108558e-02 1.081081081081081141e-01 6.081081081081081419e-02 1.351351351351351426e-02 1.351351351351351426e-02 7.432432432432432845e-02 7.432432432432432845e-02 6.756756756756757132e-02 6.756756756756757132e-03 5.405405405405405705e-02 4.729729729729729992e-02 1.351351351351351426e-02 5.405405405405405705e-02 6.081081081081081419e-02 5.405405405405405705e-02 4.729729729729729992e-02 6.756756756756757132e-03 7.432432432432432845e-02
3.840970350404313005e-02 5.263157894736841813e-02 0.000000000000000000e+00 5.263157894736841813e-02 1.578947368421052544e-01 5.263157894736841813e-02 3.508771929824561209e-02 0.000000000000000000e+00 8.771929824561403022e-02 1.403508771929824483e-01 3.508771929824561209e-02 5.263157894736841813e-02 3.508771929824561209e-02 8.771929824561403022e-02 0.000000000000000000e+00 1.052631578947368363e-01 1.754385964912280604e-02 5.263157894736841813e-02 0.000000000000000000e+00 0.000000000000000000e+00 3.508771929824561209e-02
1.219676549865229137e-01 5.524861878453038444e-02 1.657458563535911533e-02 7.182320441988949977e-02 7.734806629834253822e-02 8.839779005524861510e-02 3.867403314917126911e-02 2.209944751381215378e-02 5.524861878453038444e-02 7.182320441988949977e-02 9.944751381215469199e-02 2.209944751381215378e-02 8.287292817679557666e-02 1.657458563535911533e-02 0.000000000000000000e+00 6.077348066298342288e-02 6.629834254143646133e-02 3.314917127071823066e-02 7.182320441988949977e-02 0.000000000000000000e+00 4.972375690607734600e-02
2.486522911051212981e-01 1.219512195121951192e-01 1.084010840108401083e-02 4.065040650406503975e-02 6.233062330623306141e-02 3.252032520325203596e-02 8.130081300813007950e-02 0.000000000000000000e+00 5.691056910569105426e-02 7.046070460704606520e-02 7.588075880758807235e-02 1.626016260162601798e-02 3.794037940379403617e-02 4.607046070460704690e-02 2.439024390243902524e-02 2.981029810298102892e-02 6.504065040650407192e-02 8.401084010840108307e-02 8.672086720867208665e-02 1.626016260162601798e-02 4.065040650406503975e-02
2.439353099730458274e-01 9.392265193370165355e-02 1.381215469613259611e-02 6.906077348066298749e-02 7.458563535911602593e-02 4.696132596685082677e-02 6.353591160220994905e-02 1.657458563535911533e-02 3.591160220994474989e-02 9.392265193370165355e-02 1.049723756906077304e-01 4.419889502762430755e-02 4.696132596685082677e-02 3.038674033149171144e-02 3.314917127071823066e-02 3.867403314917126911e-02 5.524861878453038444e-02 3.314917127071823066e-02 6.353591160220994905e-02 1.381215469613259611e-02 2.762430939226519222e-02
2.762803234501347641e-02 2.439024390243902524e-02 0.000000000000000000e+00 4.878048780487805047e-02 1.219512195121951192e-01 0.000000000000000000e+00 2.439024390243902524e-02 0.000000000000000000e+00 4.878048780487805047e-02 1.707317073170731836e-01 4.878048780487805047e-02 9.756097560975610095e-02 2.439024390243902524e-02 4.878048780487805047e-02 2.439024390243902524e-02 7.317073170731706877e-02 7.317073170731706877e-02 9.756097560975610095e-02 7.317073170731706877e-02 0.000000000000000000e+00 0.000000000000000000e+00
2.014824797843665638e-01 5.685618729096989649e-02 1.003344481605351196e-02 3.010033444816053588e-02 1.170568561872909752e-01 5.685618729096989649e-02 6.688963210702340845e-02 1.337792642140468204e-02 4.347826086956521618e-02 6.020066889632107177e-02 8.026755852842809569e-02 4.013377926421404784e-02 2.675585284280936407e-02 3.678929765886287950e-02 4.347826086956521618e-02 9.030100334448160071e-02 4.682274247491638453e-02 5.016722408026755980e-02 6.354515050167224011e-02 1.337792642140468204e-02 5.351170568561872815e-02
2.614555256064690081e-01 8.505154639175258047e-02 2.577319587628865843e-02 5.927835051546391509e-02 5.412371134020618757e-02 3.350515463917525666e-02 9.536082474226803551e-02 1.030927835051546372e-02 5.670103092783505133e-02 4.123711340206185488e-02 7.216494845360824084e-02 2.319587628865979467e-02 3.350515463917525666e-02 4.123711340206185488e-02 2.577319587628865843e-02 4.381443298969071865e-02 7.474226804123711154e-02 9.020618556701030799e-02 8.505154639175258047e-02 1.030927835051546372e-02 3.865979381443299112e-02
8.962264150943395624e-02 4.511278195488721554e-02 1.503759398496240518e-02 5.263157894736841813e-02 6.015037593984962072e-02 5.263157894736841813e-02 6.015037593984962072e-02 3.007518796992481036e-02 5.263157894736841813e-02 4.511278195488721554e-02 7.518796992481202590e-02 3.759398496240601295e-02 1.503759398496240518e-02 6.015037593984962072e-02 3.759398496240601295e-02 1.052631578947368363e-01 3.007518796992481036e-02 8.270676691729322849e-02 1.052631578947368363e-01 1.503759398496240518e-02 2.255639097744360777e-02
5.518867924528302327e-01 6.959706959706959961e-02 1.221001221001221000e-02 5.372405372405372748e-02 9.523809523809523281e-02 3.296703296703296787e-02 6.471306471306471908e-02 2.197802197802197974e-02 5.250305250305250387e-02 6.349206349206348854e-02 1.245421245421245438e-01 2.930402930402930400e-02 3.052503052503052414e-02 2.564102564102564014e-02 3.052503052503052414e-02 8.669108669108668841e-02 5.616605616605616774e-02 5.616605616605616774e-02 5.860805860805860801e-02 4.884004884004884001e-03 3.052503052503052414e-02
2.911051212938005617e-01 1.041666666666666713e-01 1.388888888888888812e-02 5.324074074074074125e-02 9.722222222222222376e-02 3.935185185185185314e-02 7.638888888888889506e-02 1.388888888888888812e-02 6.018518518518518184e-02 5.092592592592592310e-02 1.111111111111111049e-01 2.314814814814814686e-02 3.240740740740740561e-02 3.472222222222222376e-02 2.314814814814814686e-02 8.796296296296296502e-02 4.861111111111111188e-02 5.092592592592592310e-02 4.398148148148148251e-02 9.259259259259258745e-03 2.546296296296296155e-02
1.428571428571428492e-01 9.433962264150944077e-02 1.415094339622641542e-02 6.603773584905660299e-02 7.547169811320754429e-02 4.245283018867924280e-02 8.018867924528301494e-02 1.415094339622641542e-02 4.716981132075472039e-02 6.132075471698113234e-02 1.226415094339622647e-01 3.301886792452830149e-02 3.301886792452830149e-02 9.433962264150943036e-03 1.415094339622641542e-02 7.075471698113207364e-02 3.301886792452830149e-02 8.018867924528301494e-02 7.547169811320754429e-02 4.716981132075471518e-03 2.830188679245283084e-02
2.122641509433962348e-01 1.047619047619047644e-01 6.349206349206349201e-03 6.666666666666666574e-02 8.253968253968253788e-02 4.444444444444444614e-02 4.444444444444444614e-02 2.539682539682539680e-02 4.126984126984126894e-02 6.984126984126984294e-02 8.571428571428571508e-02 2.539682539682539680e-02 2.857142857142857054e-02 4.444444444444444614e-02 3.492063492063492147e-02 9.206349206349206948e-02 6.031746031746031828e-02 4.761904761904761640e-02 5.396825396825397081e-02 9.523809523809524669e-03 3.174603174603174427e-02
1.603773584905660299e-01 6.302521008403361158e-02 2.521008403361344602e-02 7.563025210084033112e-02 6.302521008403361158e-02 5.462184873949579855e-02 7.563025210084033112e-02 1.680672268907562952e-02 4.621848739495798553e-02 3.781512605042016556e-02 9.243697478991597105e-02 4.201680672268907901e-02 3.781512605042016556e-02 5.042016806722689204e-02 2.941176470588235253e-02 1.092436974789915971e-01 5.042016806722689204e-02 2.941176470588235253e-02 7.563025210084033112e-02 0.000000000000000000e+00 2.521008403361344602e-02
7.142857142857142461e-02 1.886792452830188607e-02 9.433962264150943036e-03 5.660377358490566169e-02 1.037735849056603821e-01 2.830188679245283084e-02 1.037735849056603821e-01 4.716981132075472039e-02 2.830188679245283084e-02 7.547169811320754429e-02 9.433962264150944077e-02 7.547169811320754429e-02 4.716981132075472039e-02 3.773584905660377214e-02 9.433962264150943036e-03 2.830188679245283084e-02 2.830188679245283084e-02 3.773584905660377214e-02 1.037735849056603821e-01 9.433962264150943036e-03 5.660377358490566169e-02
1.024258760107816663e-01 3.947368421052631360e-02 6.578947368421052266e-03 7.894736842105262720e-02 8.552631578947368640e-02 5.263157894736841813e-02 7.894736842105262720e-02 2.631578947368420907e-02 5.263157894736841813e-02 4.605263157894736586e-02 7.236842105263158187e-02 3.289473684210526133e-02 3.947368421052631360e-02 4.605263157894736586e-02 1.973684210526315680e-02 7.236842105263158187e-02 5.921052631578947040e-02 7.236842105263158187e-02 4.605263157894736586e-02 2.631578947368420907e-02 4.605263157894736586e-02
3.436657681940701037e-02 1.960784313725490169e-02 3.921568627450980338e-02 7.843137254901960675e-02 3.921568627450980338e-02 1.960784313725490169e-02 5.882352941176470507e-02 0.000000000000000000e+00 1.176470588235294101e-01 9.803921568627450844e-02 1.176470588235294101e-01 1.960784313725490169e-02 1.960784313725490169e-02 1.960784313725490169e-02 5.882352941176470507e-02 5.882352941176470507e-02 9.803921568627450844e-02 1.960784313725490169e-02 3.921568627450980338e-02 0.000000000000000000e+00 7.843137254901960675e-02
6.469002695417790105e-02 2.083333333333333218e-02 2.083333333333333218e-02 2.083333333333333218e-02 8.333333333333332871e-02 2.083333333333333218e-02 6.250000000000000000e-02 1.041666666666666609e-02 7.291666666666667129e-02 8.333333333333332871e-02 1.145833333333333287e-01 6.250000000000000000e-02 3.125000000000000000e-02 2.083333333333333218e-02 6.250000000000000000e-02 5.208333333333333565e-02 8.333333333333332871e-02 4.166666666666666435e-02 7.291666666666667129e-02 0.000000000000000000e+00 6.250000000000000000e-02
2.560646900269541656e-02 5.263157894736841813e-02 0.000000000000000000e+00 5.263157894736841813e-02 7.894736842105262720e-02 5.263157894736841813e-02 0.000000000000000000e+00 0.000000000000000000e+00 5.263157894736841813e-02 1.578947368421052544e-01 1.315789473684210453e-01 5.263157894736841813e-02 5.263157894736841813e-02 5.263157894736841813e-02 2.631578947368420907e-02 2.631578947368420907e-02 2.631578947368420907e-02 2.631578947368420907e-02 7.894736842105262720e-02 2.631578947368420907e-02 5.263157894736841813e-02
9.433962264150944077e-02 2.857142857142857054e-02 7.142857142857142634e-03 5.714285714285714107e-02 7.142857142857142461e-02 5.714285714285714107e-02 7.857142857142856984e-02 5.000000000000000278e-02 3.571428571428571230e-02 5.000000000000000278e-02 8.571428571428571508e-02 5.000000000000000278e-02 5.714285714285714107e-02 5.000000000000000278e-02 4.285714285714285754e-02 7.142857142857142461e-02 5.000000000000000278e-02 7.857142857142856984e-02 2.142857142857142877e-02 1.428571428571428527e-02 4.285714285714285754e-02
1.199460916442048469e-01 3.370786516853932491e-02 1.685393258426966245e-02 5.056179775280898736e-02 5.056179775280898736e-02 5.617977528089887485e-02 1.685393258426966245e-02 2.247191011235954994e-02 9.550561797752808724e-02 8.426966292134831227e-02 1.067415730337078622e-01 2.247191011235954994e-02 8.426966292134831227e-02 3.370786516853932491e-02 2.247191011235954994e-02 6.179775280898876233e-02 3.932584269662921239e-02 6.179775280898876233e-02 7.303370786516853730e-02 1.685393258426966245e-02 5.056179775280898736e-02
6.199460916442048330e-02 1.521739130434782705e-01 2.173913043478260809e-02 2.173913043478260809e-02 5.434782608695652023e-02 7.608695652173913526e-02 7.608695652173913526e-02 2.173913043478260809e-02 9.782608695652174335e-02 4.347826086956521618e-02 1.086956521739130405e-01 5.434782608695652023e-02 3.260869565217391214e-02 3.260869565217391214e-02 0.000000000000000000e+00 3.260869565217391214e-02 5.434782608695652023e-02 8.695652173913043237e-02 1.086956521739130405e-02 0.000000000000000000e+00 2.173913043478260809e-02
7.324797843665767916e-01 6.531738730450782626e-02 4.599816007359705354e-03 6.347746090156393406e-02 3.771849126034958893e-02 4.783808647654094054e-02 8.647654093836246170e-02 1.379944802207911693e-02 5.427782888684452856e-02 5.427782888684452856e-02 6.807727690892363681e-02 2.207911683532658847e-02 7.635694572217111009e-02 3.771849126034958893e-02 3.127874885004600092e-02 4.599816007359705528e-02 8.647654093836246170e-02 6.439742410303588016e-02 5.427782888684452856e-02 2.115915363385464584e-02 6.439742410303588016e-02
4.103773584905660576e-01 7.060755336617405287e-02 1.149425287356321823e-02 8.210180623973727110e-02 5.418719211822660420e-02 3.612479474548439817e-02 8.045977011494252762e-02 1.313628899835796345e-02 5.090311986863711030e-02 4.433497536945812945e-02 9.031198686371100237e-02 2.627257799671592689e-02 6.239737274220032853e-02 4.926108374384236682e-02 2.463054187192118341e-02 6.075533661740558505e-02 6.732348111658456591e-02 4.761904761904761640e-02 5.090311986863711030e-02 1.149425287356321823e-02 6.568144499178982243e-02
2.594339622641509413e-01 7.532467532467532201e-02 5.194805194805194801e-03 7.532467532467532201e-02 4.935064935064935321e-02 3.636363636363636187e-02 8.311688311688311681e-02 3.636363636363636187e-02 8.831168831168831335e-02 4.675324675324675494e-02 9.610389610389610815e-02 2.077922077922077920e-02 5.194805194805195148e-02 4.675324675324675494e-02 2.597402597402597574e-02 5.194805194805195148e-02 6.233766233766233761e-02 6.753246753246752720e-02 3.896103896103896014e-02 7.792207792207792201e-03 3.376623376623376360e-02
6.469002695417790105e-02 3.125000000000000000e-02 2.083333333333333218e-02 1.145833333333333287e-01 6.250000000000000000e-02 5.208333333333333565e-02 5.208333333333333565e-02 0.000000000000000000e+00 1.458333333333333426e-01 7.291666666666667129e-02 4.166666666666666435e-02 2.083333333333333218e-02 7.291666666666667129e-02 1.041666666666666609e-02 1.041666666666666609e-02 1.041666666666666609e-02 8.333333333333332871e-02 9.375000000000000000e-02 6.250000000000000000e-02 1.041666666666666609e-02 3.125000000000000000e-02
2.223719676549865132e-02 0.000000000000000000e+00 3.030303030303030387e-02 3.030303030303030387e-02 6.060606060606060774e-02 6.060606060606060774e-02 6.060606060606060774e-02 0.000000000000000000e+00 1.212121212121212155e-01 1.212121212121212155e-01 9.090909090909091161e-02 6.060606060606060774e-02 6.060606060606060774e-02 3.030303030303030387e-02 6.060606060606060774e-02 3.030303030303030387e-02 3.030303030303030387e-02 3.030303030303030387e-02 1.212121212121212155e-01 0.000000000000000000e+00 0.000000000000000000e+00
2.715633423180592865e-01 6.451612903225806273e-02 2.481389578163771710e-03 5.459057071960297935e-02 5.210918114143920504e-02 3.722084367245657305e-02 5.955334987593052104e-02 2.481389578163771883e-02 6.451612903225806273e-02 6.451612903225806273e-02 9.181141439205955934e-02 3.722084367245657305e-02 3.225806451612903136e-02 3.473945409429280567e-02 2.233250620347394452e-02 9.181141439205955934e-02 8.188585607940446209e-02 6.203473945409429535e-02 6.947890818858561135e-02 9.925558312655086840e-03 4.218362282878412167e-02
2.365229110512129251e-01 3.703703703703703498e-02 1.709401709401709574e-02 4.843304843304842983e-02 7.977207977207977085e-02 5.128205128205128027e-02 5.982905982905983161e-02 1.424501424501424529e-02 9.686609686609685965e-02 7.407407407407406996e-02 6.837606837606838295e-02 3.988603988603988543e-02 3.703703703703703498e-02 3.703703703703703498e-02 3.703703703703703498e-02 5.413105413105413072e-02 7.407407407407406996e-02 5.698005698005698116e-02 6.552706552706552556e-02 5.698005698005698290e-03 4.558404558404558632e-02
9.770889487870619561e-02 6.896551724137930939e-02 1.379310344827586188e-02 1.034482758620689641e-01 1.379310344827586188e-02 6.896551724137930939e-02 7.586206896551724033e-02 6.896551724137930939e-03 8.965517241379310220e-02 1.172413793103448260e-01 8.275862068965517127e-02 2.068965517241379282e-02 4.137931034482758563e-02 1.379310344827586188e-02 2.758620689655172376e-02 2.068965517241379282e-02 7.586206896551724033e-02 4.827586206896551657e-02 6.206896551724137845e-02 6.896551724137930939e-03 4.137931034482758563e-02
9.568733153638814271e-02 5.633802816901408578e-02 1.408450704225352144e-02 6.338028169014084390e-02 9.154929577464789026e-02 4.225352112676056260e-02 4.929577464788732072e-02 3.521126760563380448e-02 9.154929577464789026e-02 7.042253521126760896e-02 8.450704225352112520e-02 2.112676056338028130e-02 4.225352112676056260e-02 3.521126760563380448e-02 2.112676056338028130e-02 9.154929577464789026e-02 2.112676056338028130e-02 3.521126760563380448e-02 6.338028169014084390e-02 2.816901408450704289e-02 4.225352112676056260e-02
3.456873315363881427e-01 6.822612085769980128e-02 3.703703703703703498e-02 2.144249512670565183e-02 2.923976608187134341e-02 7.017543859649122417e-02 5.263157894736841813e-02 1.559454191033138315e-02 6.237816764132553260e-02 2.339181286549707472e-02 1.423001949317738712e-01 3.703703703703703498e-02 5.068226120857699524e-02 2.339181286549707472e-02 2.339181286549707472e-02 5.847953216374268681e-02 8.966861598440545311e-02 4.873294346978557234e-02 9.941520467836256758e-02 1.559454191033138315e-02 3.118908382066276630e-02
2.695417789757412197e-01 7.000000000000000666e-02 4.250000000000000305e-02 5.000000000000000278e-02 7.000000000000000666e-02 5.999999999999999778e-02 6.750000000000000444e-02 1.250000000000000069e-02 5.249999999999999806e-02 8.500000000000000611e-02 1.024999999999999939e-01 2.000000000000000042e-02 3.500000000000000333e-02 4.250000000000000305e-02 2.000000000000000042e-02 5.500000000000000028e-02 6.750000000000000444e-02 4.499999999999999833e-02 5.750000000000000250e-02 1.250000000000000069e-02 3.250000000000000111e-02
2.601078167115902784e-01 5.181347150259067030e-02 2.072538860103627020e-02 5.440414507772020625e-02 6.217616580310880714e-02 7.772020725388600892e-02 3.626943005181346852e-02 1.554404145077720178e-02 6.476683937823833614e-02 5.181347150259067030e-02 1.191709844559585424e-01 1.554404145077720178e-02 4.663212435233160535e-02 2.849740932642487110e-02 4.663212435233160535e-02 6.476683937823833614e-02 9.067357512953368170e-02 3.367875647668393951e-02 7.512953367875647992e-02 7.772020725388600892e-03 3.626943005181346852e-02
3.908355795148248102e-02 5.172413793103448204e-02 0.000000000000000000e+00 6.896551724137930939e-02 6.896551724137930939e-02 5.172413793103448204e-02 0.000000000000000000e+00 0.000000000000000000e+00 8.620689655172414367e-02 6.896551724137930939e-02 1.551724137931034531e-01 1.724137931034482735e-02 6.896551724137930939e-02 5.172413793103448204e-02 1.724137931034482735e-02 1.724137931034482735e-02 5.172413793103448204e-02 5.172413793103448204e-02 8.620689655172414367e-02 1.724137931034482735e-02 6.896551724137930939e-02
2.136118598382749367e-01 3.470031545741324858e-02 2.208201892744479644e-02 5.993690851735015979e-02 7.570977917981072669e-02 5.047318611987381548e-02 5.678233438485804502e-02 1.892744479495268167e-02 6.940063091482649715e-02 5.993690851735015979e-02 1.072555205047318605e-01 3.154574132492113381e-02 5.678233438485804502e-02 1.577287066246056690e-02 5.362776025236593025e-02 4.731861198738170071e-02 6.309148264984226762e-02 3.785488958990536335e-02 7.255520504731861886e-02 1.577287066246056690e-02 5.047318611987381548e-02
2.614555256064690081e-01 5.927835051546391509e-02 2.835051546391752567e-02 3.350515463917525666e-02 5.154639175257731860e-03 9.278350515463917869e-02 4.381443298969071865e-02 2.061855670103092744e-02 1.030927835051546337e-01 4.639175257731958935e-02 1.417525773195876249e-01 3.092783505154639290e-02 3.608247422680412042e-02 2.577319587628865843e-02 2.835051546391752567e-02 2.577319587628865843e-02 6.185567010309278579e-02 3.865979381443299112e-02 9.020618556701030799e-02 1.804123711340206021e-02 6.958762886597938402e-02
2.088948787061994661e-01 5.806451612903226062e-02 1.935483870967742021e-02 7.096774193548387177e-02 5.806451612903226062e-02 4.838709677419354704e-02 7.096774193548387177e-02 1.290322580645161289e-02 7.741935483870968082e-02 6.774193548387097419e-02 9.032258064516128504e-02 2.258064516129032126e-02 3.870967741935484041e-02 1.290322580645161289e-02 4.516129032258064252e-02 6.129032258064515820e-02 6.774193548387097419e-02 3.870967741935484041e-02 7.419354838709676936e-02 1.290322580645161289e-02 5.161290322580645157e-02
8.827493261455525431e-02 6.106870229007633349e-02 2.290076335877862593e-02 6.870229007633588125e-02 8.396946564885496289e-02 4.580152671755725186e-02 3.816793893129771104e-02 1.526717557251908337e-02 3.816793893129771104e-02 7.633587786259542207e-02 7.633587786259542207e-02 3.053435114503816675e-02 5.343511450381679267e-02 3.816793893129771104e-02 3.053435114503816675e-02 2.290076335877862593e-02 5.343511450381679267e-02 3.816793893129771104e-02 1.068702290076335853e-01 2.290076335877862593e-02 7.633587786259542207e-02
1.064690026954177859e-01 5.696202531645569445e-02 3.164556962025316666e-02 3.797468354430379861e-02 4.430379746835443056e-02 9.493670886075949999e-02 4.430379746835443056e-02 0.000000000000000000e+00 5.063291139240506250e-02 9.493670886075949999e-02 8.860759493670886111e-02 5.696202531645569445e-02 6.962025316455695834e-02 1.265822784810126563e-02 2.531645569620253125e-02 7.594936708860759722e-02 5.063291139240506250e-02 5.696202531645569445e-02 3.164556962025316666e-02 3.164556962025316666e-02 4.430379746835443056e-02
2.095687331536388032e-01 6.430868167202571928e-02 2.572347266881028910e-02 5.466237942122186694e-02 7.395498392282957856e-02 4.501607717041800766e-02 5.144694533762057820e-02 2.250803858520900383e-02 8.681672025723473352e-02 7.395498392282957856e-02 8.681672025723473352e-02 1.929260450160771856e-02 4.501607717041800766e-02 2.572347266881028910e-02 3.536977491961414838e-02 6.752411575562701496e-02 5.787781350482314874e-02 3.215434083601285964e-02 5.787781350482314874e-02 1.929260450160771856e-02 5.466237942122186694e-02
2.196765498652291093e-01 7.055214723926379883e-02 1.226993865030674875e-02 7.361963190184049599e-02 5.214723926380367830e-02 3.680981595092024800e-02 6.134969325153374203e-02 1.840490797546012400e-02 4.601226993865030479e-02 5.828220858895705181e-02 1.349693251533742311e-01 2.147239263803681075e-02 3.374233128834355777e-02 2.760736196319018426e-02 1.840490797546012400e-02 6.441717791411043226e-02 5.214723926380367830e-02 5.521472392638036852e-02 7.975460122699386256e-02 1.226993865030674875e-02 7.055214723926379883e-02
2.196765498652291093e-01 7.668711656441717928e-02 1.840490797546012400e-02 5.214723926380367830e-02 6.748466257668711554e-02 4.601226993865030479e-02 3.680981595092024800e-02 1.840490797546012400e-02 6.134969325153374203e-02 5.828220858895705181e-02 9.509202453987730674e-02 4.907975460122699501e-02 4.294478527607362150e-02 2.453987730061349751e-02 5.521472392638036852e-02 6.748466257668711554e-02 4.601226993865030479e-02 3.680981595092024800e-02 6.441717791411043226e-02 2.147239263803681075e-02 6.134969325153374203e-02
2.897574123989218320e-01 7.906976744186046402e-02 2.558139534883720895e-02 2.790697674418604612e-02 3.255813953488372048e-02 9.069767441860465684e-02 6.511627906976744096e-02 1.627906976744186024e-02 8.604651162790698249e-02 2.790697674418604612e-02 1.209302325581395332e-01 3.255813953488372048e-02 4.186046511627906919e-02 1.860465116279069742e-02 2.558139534883720895e-02 3.720930232558139483e-02 4.883720930232558072e-02 6.511627906976744096e-02 8.372093023255813837e-02 1.395348837209302306e-02 6.046511627906976660e-02
2.520215633423180668e-01 6.951871657754010725e-02 2.673796791443850199e-02 7.219251336898395432e-02 5.882352941176470507e-02 5.080213903743315690e-02 5.614973262032085799e-02 1.871657754010695035e-02 4.010695187165775472e-02 5.882352941176470507e-02 9.358288770053475869e-02 2.406417112299465144e-02 4.278074866310160179e-02 2.941176470588235253e-02 4.278074866310160179e-02 7.486631016042780140e-02 5.614973262032085799e-02 4.545454545454545581e-02 9.090909090909091161e-02 1.604278074866310327e-02 3.208556149732620655e-02
2.513477088948787297e-01 6.702412868632708076e-02 2.680965147453083161e-02 2.412868632707774671e-02 6.970509383378016566e-02 4.557640750670241547e-02 5.898123324396782607e-02 3.485254691689008283e-02 5.093833780160857833e-02 6.702412868632708076e-02 1.045576407506702415e-01 2.412868632707774671e-02 3.485254691689008283e-02 3.753351206434316079e-02 2.949061662198391304e-02 6.970509383378016566e-02 5.898123324396782607e-02 4.825737265415549343e-02 6.970509383378016566e-02 2.412868632707774671e-02 5.361930294906166322e-02
2.500000000000000000e-01 7.277628032345014042e-02 2.695417789757412544e-02 3.234501347708895053e-02 5.660377358490566169e-02 2.695417789757412544e-02 7.547169811320754429e-02 2.695417789757412544e-02 7.277628032345014042e-02 7.008086253369272267e-02 1.078167115902965018e-01 2.695417789757412544e-02 4.312668463611860070e-02 4.851752021563342232e-02 2.695417789757412544e-02 5.121293800539083313e-02 5.390835579514825088e-02 2.964959568733153625e-02 7.816711590296496204e-02 1.078167115902965018e-02 6.199460916442048330e-02
2.291105121293800506e-01 6.176470588235294379e-02 2.058823529411764677e-02 2.941176470588235253e-02 3.823529411764706176e-02 8.529411764705882582e-02 6.764705882352940736e-02 2.352941176470588203e-02 8.529411764705882582e-02 3.235294117647059126e-02 1.647058823529411742e-01 3.823529411764706176e-02 4.705882352941176405e-02 2.058823529411764677e-02 2.058823529411764677e-02 4.117647058823529355e-02 4.411764705882353227e-02 4.411764705882353227e-02 7.941176470588234837e-02 1.176470588235294101e-02 4.411764705882353227e-02
6.401617250673855009e-02 5.263157894736841813e-02 3.157894736842105365e-02 4.210526315789473589e-02 1.052631578947368363e-01 0.000000000000000000e+00 1.052631578947368363e-01 1.052631578947368397e-02 4.210526315789473589e-02 5.263157894736841813e-02 1.052631578947368363e-01 4.210526315789473589e-02 6.315789473684210731e-02 0.000000000000000000e+00 1.052631578947368397e-02 1.052631578947368363e-01 5.263157894736841813e-02 5.263157894736841813e-02 7.368421052631578261e-02 2.105263157894736795e-02 3.157894736842105365e-02
2.533692722371967410e-01 7.446808510638297518e-02 2.393617021276595730e-02 3.723404255319148759e-02 7.978723404255319562e-02 3.989361702127659781e-02 8.776595744680851241e-02 4.255319148936170109e-02 2.393617021276595730e-02 2.925531914893617080e-02 1.436170212765957577e-01 1.861702127659574380e-02 2.659574468085106405e-02 4.787234042553191460e-02 2.925531914893617080e-02 9.308510638297871898e-02 5.585106382978723139e-02 4.255319148936170109e-02 5.053191489361701788e-02 2.393617021276595730e-02 2.925531914893617080e-02
2.109164420485175329e-01 7.667731629392970927e-02 3.194888178913737886e-02 6.709265175718849561e-02 7.028753993610223350e-02 4.472843450479233041e-02 9.265175718849839870e-02 1.597444089456868943e-02 3.514376996805111675e-02 1.916932907348242732e-02 1.182108626198083018e-01 2.236421725239616520e-02 2.236421725239616520e-02 6.070287539936101984e-02 1.916932907348242732e-02 9.904153354632587447e-02 6.389776357827475772e-02 4.472843450479233041e-02 6.070287539936101984e-02 9.584664536741213658e-03 2.555910543130990309e-02
1.758760107816711715e-01 6.896551724137930939e-02 1.532567049808429040e-02 5.747126436781609116e-02 6.130268199233716159e-02 4.214559386973180249e-02 8.045977011494252762e-02 1.149425287356321823e-02 6.513409961685823202e-02 7.279693486590038676e-02 8.045977011494252762e-02 1.532567049808429040e-02 3.831417624521072512e-02 2.681992337164751036e-02 2.681992337164751036e-02 5.747126436781609116e-02 7.279693486590038676e-02 4.214559386973180249e-02 1.072796934865900415e-01 1.149425287356321823e-02 4.597701149425287293e-02
5.249326145552560829e-01 6.803594351732991652e-02 0.000000000000000000e+00 6.546854942233633345e-02 5.905006418485237579e-02 3.080872913992297943e-02 7.188703465982028418e-02 1.797175866495507104e-02 6.033376123234916732e-02 5.134788189987163354e-02 1.039794608472400517e-01 2.952503209242618790e-02 6.161745827984595886e-02 3.209242618741976749e-02 3.209242618741976749e-02 7.445442875481386724e-02 6.418485237483953498e-02 4.621309370988446741e-02 9.114249037227215022e-02 6.418485237483954192e-03 3.337612323491655902e-02
3.504043126684636134e-02 7.692307692307692735e-02 0.000000000000000000e+00 0.000000000000000000e+00 9.615384615384615918e-02 0.000000000000000000e+00 9.615384615384615918e-02 1.923076923076923184e-02 7.692307692307692735e-02 1.923076923076923184e-02 3.846153846153846367e-02 5.769230769230769551e-02 1.923076923076923184e-02 1.346153846153846090e-01 5.769230769230769551e-02 7.692307692307692735e-02 3.846153846153846367e-02 1.153846153846153910e-01 1.923076923076923184e-02 1.923076923076923184e-02 3.846153846153846367e-02
4.447439353099730264e-02 4.545454545454545581e-02 1.515151515151515194e-02 6.060606060606060774e-02 9.090909090909091161e-02 3.030303030303030387e-02 7.575757575757575968e-02 1.515151515151515194e-02 0.000000000000000000e+00 6.060606060606060774e-02 4.545454545454545581e-02 1.515151515151515194e-02 1.212121212121212155e-01 3.030303030303030387e-02 6.060606060606060774e-02 0.000000000000000000e+00 1.060606060606060635e-01 1.666666666666666574e-01 3.030303030303030387e-02 1.515151515151515194e-02 1.515151515151515194e-02
3.234501347708895053e-02 1.458333333333333426e-01 2.083333333333333218e-02 4.166666666666666435e-02 4.166666666666666435e-02 4.166666666666666435e-02 4.166666666666666435e-02 0.000000000000000000e+00 4.166666666666666435e-02 0.000000000000000000e+00 6.250000000000000000e-02 4.166666666666666435e-02 2.083333333333333218e-02 6.250000000000000000e-02 0.000000000000000000e+00 0.000000000000000000e+00 1.666666666666666574e-01 6.250000000000000000e-02 1.666666666666666574e-01 2.083333333333333218e-02 2.083333333333333218e-02
3.362533692722372014e-01 8.016032064128256196e-02 1.202404809619238464e-02 6.813627254509017905e-02 4.008016032064128098e-02 3.607214428857715566e-02 7.414829659318637745e-02 1.402805611222444904e-02 6.012024048096192147e-02 6.412825651302604679e-02 6.813627254509017905e-02 2.605210420841683194e-02 7.615230460921844358e-02 3.406813627254508953e-02 3.206412825651302340e-02 2.004008016032064049e-02 8.216432865731462809e-02 8.216432865731462809e-02 7.414829659318637745e-02 1.803607214428857783e-02 3.807615230460922179e-02
5.694070080862533301e-01 1.076923076923076983e-01 1.656804733727810716e-02 6.982248520710059025e-02 4.733727810650887463e-02 3.313609467455621432e-02 9.112426035502958765e-02 1.893491124260355055e-02 4.615384615384615641e-02 5.088757396449704318e-02 6.982248520710059025e-02 2.721893491124260239e-02 4.378698224852071302e-02 3.668639053254437593e-02 3.195266272189348916e-02 2.603550295857988070e-02 6.508875739644970349e-02 8.639053254437870089e-02 5.680473372781064817e-02 2.485207100591715901e-02 4.970414201183431802e-02
2.695417789757412197e-01 7.499999999999999722e-02 1.250000000000000069e-02 8.000000000000000167e-02 5.000000000000000278e-02 4.499999999999999833e-02 1.000000000000000056e-01 1.250000000000000069e-02 4.750000000000000056e-02 8.000000000000000167e-02 8.000000000000000167e-02 1.750000000000000167e-02 5.500000000000000028e-02 2.249999999999999917e-02 2.000000000000000042e-02 5.750000000000000250e-02 6.500000000000000222e-02 5.500000000000000028e-02 5.750000000000000250e-02 2.249999999999999917e-02 4.499999999999999833e-02
5.592991913746631072e-02 4.819277108433735191e-02 4.819277108433735191e-02 4.819277108433735191e-02 7.228915662650602092e-02 6.024096385542168641e-02 1.084337349397590383e-01 2.409638554216867595e-02 4.819277108433735191e-02 1.204819277108433798e-02 4.819277108433735191e-02 4.819277108433735191e-02 3.614457831325301046e-02 1.204819277108433798e-02 1.204819277108433798e-02 0.000000000000000000e+00 7.228915662650602092e-02 1.325301204819277212e-01 8.433734939759035543e-02 2.409638554216867595e-02 6.024096385542168641e-02
1.071428571428571369e-01 8.805031446540879936e-02 6.289308176100629269e-03 5.031446540880503415e-02 8.176100628930817182e-02 1.257861635220125854e-02 5.031446540880503415e-02 1.257861635220125854e-02 5.660377358490566169e-02 5.660377358490566169e-02 1.006289308176100683e-01 3.144654088050314461e-02 6.289308176100628922e-02 5.660377358490566169e-02 1.257861635220125854e-02 5.031446540880503415e-02 7.547169811320754429e-02 5.031446540880503415e-02 8.805031446540879936e-02 1.257861635220125854e-02 4.402515723270439968e-02
4.716981132075472039e-02 1.428571428571428527e-02 2.857142857142857054e-02 5.714285714285714107e-02 2.857142857142857054e-02 2.857142857142857054e-02 5.714285714285714107e-02 1.428571428571428527e-02 5.714285714285714107e-02 2.857142857142857054e-02 1.285714285714285587e-01 1.428571428571428527e-02 7.142857142857142461e-02 7.142857142857142461e-02 5.714285714285714107e-02 2.857142857142857054e-02 8.571428571428571508e-02 4.285714285714285754e-02 8.571428571428571508e-02 2.857142857142857054e-02 7.142857142857142461e-02
1.974393530997304580e-01 5.802047781569966145e-02 2.047781569965870241e-02 5.802047781569966145e-02 7.849829351535836386e-02 2.730375426621160437e-02 5.460750853242320874e-02 3.071672354948805361e-02 6.825938566552901265e-02 8.191126279863480963e-02 7.849829351535836386e-02 2.389078498293515512e-02 2.730375426621160437e-02 3.754266211604095904e-02 7.849829351535836386e-02 6.825938566552901265e-02 4.778156996587031025e-02 3.754266211604095904e-02 6.143344709897610723e-02 1.023890784982935120e-02 5.119453924914675602e-02
1.394878706199460805e-01 3.381642512077294438e-02 1.449275362318840597e-02 6.763285024154588876e-02 5.797101449275362389e-02 3.864734299516908028e-02 5.797101449275362389e-02 2.415458937198067604e-02 5.314009661835748799e-02 4.830917874396135209e-02 1.400966183574879342e-01 9.661835748792270070e-03 5.314009661835748799e-02 3.864734299516908028e-02 3.864734299516908028e-02 7.246376811594203160e-02 9.661835748792270417e-02 4.830917874396135209e-02 4.347826086956521618e-02 1.449275362318840597e-02 4.830917874396135209e-02
8.962264150943395624e-02 1.203007518796992414e-01 1.503759398496240518e-02 5.263157894736841813e-02 1.052631578947368363e-01 2.255639097744360777e-02 6.015037593984962072e-02 0.000000000000000000e+00 3.007518796992481036e-02 5.263157894736841813e-02 1.203007518796992414e-01 3.759398496240601295e-02 3.007518796992481036e-02 5.263157894736841813e-02 4.511278195488721554e-02 3.759398496240601295e-02 6.015037593984962072e-02 5.263157894736841813e-02 3.007518796992481036e-02 2.255639097744360777e-02 5.263157894736841813e-02
3.773584905660377214e-02 1.250000000000000000e-01 1.785714285714285615e-02 5.357142857142856845e-02 3.571428571428571230e-02 5.357142857142856845e-02 7.142857142857142461e-02 1.071428571428571369e-01 7.142857142857142461e-02 3.571428571428571230e-02 3.571428571428571230e-02 3.571428571428571230e-02 5.357142857142856845e-02 1.785714285714285615e-02 1.785714285714285615e-02 3.571428571428571230e-02 5.357142857142856845e-02 7.142857142857142461e-02 5.357142857142856845e-02 1.785714285714285615e-02 3.571428571428571230e-02
5.592991913746631072e-02 6.024096385542168641e-02 1.204819277108433798e-02 3.614457831325301046e-02 6.024096385542168641e-02 0.000000000000000000e+00 9.638554216867470381e-02 3.614457831325301046e-02 1.084337349397590383e-01 2.409638554216867595e-02 1.204819277108433728e-01 2.409638554216867595e-02 2.409638554216867595e-02 4.819277108433735191e-02 6.024096385542168641e-02 8.433734939759035543e-02 7.228915662650602092e-02 9.638554216867470381e-02 3.614457831325301046e-02 0.000000000000000000e+00 0.000000000000000000e+00
3.207547169811320598e-01 8.613445378151260434e-02 1.050420168067226975e-02 3.991596638655461882e-02 4.831932773109243878e-02 3.781512605042016556e-02 8.403361344537815802e-02 1.890756302521008278e-02 4.621848739495798553e-02 2.521008403361344602e-02 1.449579831932773233e-01 3.361344537815125905e-02 2.941176470588235253e-02 3.781512605042016556e-02 3.781512605042016556e-02 7.773109243697479132e-02 5.882352941176470507e-02 7.352941176470588480e-02 7.773109243697479132e-02 1.260504201680672301e-02 1.890756302521008278e-02
7.884097035040431301e-02 5.128205128205128027e-02 2.564102564102564014e-02 5.128205128205128027e-02 3.418803418803419147e-02 1.709401709401709574e-02 9.401709401709401615e-02 2.564102564102564014e-02 1.111111111111111049e-01 2.564102564102564014e-02 1.025641025641025605e-01 1.709401709401709574e-02 1.709401709401709574e-02 4.273504273504273587e-02 2.564102564102564014e-02 1.367521367521367659e-01 3.418803418803419147e-02 2.564102564102564014e-02 9.401709401709401615e-02 2.564102564102564014e-02 4.273504273504273587e-02
3.571428571428571230e-02 9.433962264150944077e-02 0.000000000000000000e+00 1.886792452830188607e-02 1.132075471698113234e-01 3.773584905660377214e-02 3.773584905660377214e-02 1.886792452830188607e-02 3.773584905660377214e-02 9.433962264150944077e-02 9.433962264150944077e-02 0.000000000000000000e+00 1.886792452830188607e-02 0.000000000000000000e+00 3.773584905660377214e-02 2.264150943396226467e-01 7.547169811320754429e-02 5.660377358490566169e-02 1.886792452830188607e-02 0.000000000000000000e+00 1.886792452830188607e-02
6.469002695417790105e-02 2.083333333333333218e-02 2.083333333333333218e-02 2.083333333333333218e-02 8.333333333333332871e-02 2.083333333333333218e-02 5.208333333333333565e-02 1.041666666666666609e-02 7.291666666666667129e-02 8.333333333333332871e-02 1.145833333333333287e-01 6.250000000000000000e-02 3.125000000000000000e-02 2.083333333333333218e-02 7.291666666666667129e-02 5.208333333333333565e-02 8.333333333333332871e-02 4.166666666666666435e-02 7.291666666666667129e-02 0.000000000000000000e+00 6.250000000000000000e-02
